1478735076093, 1478735076237,650,635,625,633,628,638,626,640,622,627
1478735091093, 1478735091183,639,627,645,644,623,628,637,638,627,640
1478735106093, 1478735106177,636,625,637,628,640,633,618,632,631,645
1478735121093, 1478735121199,638,651,611,641,633,644,636,634,632,650
1478735136093, 1478735136189,641,643,635,642,629,642,629,624,633,636
1478735151093, 1478735151191,627,642,637,630,640,634,644,638,638,642
1478735166093, 1478735166189,644,642,641,638,642,632,637,640,643,633
1478735181093, 1478735181170,655,634,652,631,653,622,637,644,637,649
1478735196093, 1478735196196,656,629,637,642,650,626,654,635,637,635
1478735211093, 1478735212205,666,652,641,649,630,656,638,638,653,624
1478735226093, 1478735226192,646,651,645,626,651,643,643,663,638,663
1478735241093, 1478735241189,643,651,646,646,635,637,654,635,644,628
1478735256093, 1478735256197,648,647,666,627,665,643,644,647,638,632
1478735271093, 1478735271177,669,641,639,641,645,639,653,640,643,637
1478735286093, 1478735286196,645,640,658,665,638,649,653,646,630,643
1478735301093, 1478735301191,648,652,646,652,653,639,650,636,646,633
1478735316093, 1478735316182,639,661,637,647,631,642,636,653,653,666
1478735331093, 1478735331183,639,643,660,641,654,640,654,648,663,644
1478735346093, 1478735346186,641,659,649,660,639,659,645,640,657,641
1478735361093, 1478735361189,654,655,645,644,663,645,655,653,651,644
1478735376093, 1478735376227,658,644,656,649,655,643,661,646,665,663
1478735391093, 1478735391177,653,652,654,648,647,657,646,668,648,661
1478735406093, 1478735406184,652,652,641,661,640,652,647,658,655,656
1478735421093, 1478735421190,655,663,652,647,659,646,645,670,636,659
1478735436093, 1478735436182,650,636,660,642,658,657,663,649,653,637
1478735451093, 1478735451196,674,649,667,646,648,670,654,661,660,648
1478735466093, 1478735466172,659,655,651,666,651,662,650,665,644,664
1478735481093, 1478735481192,652,669,665,654,656,655,655,649,657,663
1478735496093, 1478735496236,658,671,652,671,648,664,665,651,646,661
1478735511093, 1478735511195,660,670,672,646,664,648,648,661,671,639
1478735526093, 1478735526191,666,657,663,663,645,665,652,662,659,670
1478735541093, 1478735541184,654,669,648,669,658,657,655,656,673,658
1478735556093, 1478735556194,644,657,658,666,658,664,649,664,656,676
1478735571093, 1478735571186,656,658,662,683,639,680,632,650,671,659
1478735586093, 1478735586192,657,658,649,677,659,656,674,655,660,653
1478735601093, 1478735601197,657,660,659,670,670,647,682,664,647,671
1478735616093, 1478735616258,665,678,654,671,676,651,678,657,672,660
1478735631093, 1478735631194,674,662,650,663,657,672,653,677,668,663
1478735646093, 1478735646198,666,674,660,656,659,655,669,655,675,674
1478735661093, 1478735661180,676,658,676,656,677,657,667,650,678,659
1478735676093, 1478735676184,686,646,672,679,659,672,665,666,652,685
1478735691093, 1478735691173,683,656,666,659,672,648,672,653,658,654
1478735706093, 1478735706179,674,663,657,659,656,672,649,670,664,670
1478735721093, 1478735721183,683,661,678,664,666,666,675,660,678,667
1478735736093, 1478735736474,684,643,664,666,677,685,673,673,658,660
1478735751093, 1478735751182,674,666,654,674,657,687,664,674,658,675
1478735766093, 1478735766210,668,668,659,683,661,674,685,667,687,652
1478735781093, 1478735781184,673,660,662,661,649,669,652,664,667,666
1478735796093, 1478735796188,691,663,681,678,662,677,670,673,672,652
1478735811093, 1478735811191,665,665,665,664,683,653,673,647,672,686
1478735826093, 1478735826195,671,664,687,671,662,680,660,678,674,667
1478735841093, 1478735841196,674,676,666,682,678,665,686,661,663,685
1478735856093, 1478735856918,664,676,659,677,664,682,681,675,685,672
1478735871093, 1478735871197,669,670,671,672,676,686,655,681,672,670
1478735886093, 1478735886181,689,664,683,668,685,675,664,692,667,680
1478735901093, 1478735901182,673,681,667,671,691,662,681,660,672,681
1478735916093, 1478735916230,667,688,662,688,672,660,661,683,656,680
1478735931093, 1478735931188,686,666,680,683,671,668,670,677,674,677
1478735946093, 1478735946190,667,681,655,679,669,668,659,677,682,669
1478735961093, 1478735961185,680,680,673,672,675,665,680,679,673,676
1478735976093, 1478735977560,694,685,672,680,676,668,675,677,664,666
1478735991093, 1478735991214,672,686,671,670,680,669,687,673,684,670
1478736006093, 1478736006199,682,659,687,667,678,678,675,673,684,673
1478736021093, 1478736021181,677,684,656,679,675,686,671,672,671,683
1478736036093, 1478736036191,682,686,671,672,689,689,671,673,664,685
1478736051093, 1478736051188,677,672,673,688,677,668,687,673,687,664
1478736066093, 1478736066187,682,683,673,671,675,685,685,666,681,671
1478736081093, 1478736081180,693,669,678,683,681,673,684,671,692,672
1478736096093, 1478736096966,682,674,680,673,694,692,672,676,693,673
1478736111093, 1478736111192,687,681,677,692,675,683,681,683,674,669
1478736126093, 1478736126176,684,674,671,679,678,683,675,675,673,683
1478736141093, 1478736141194,676,684,688,669,676,674,686,671,695,672
1478736156093, 1478736156194,694,678,670,680,688,662,686,673,692,677
1478736171093, 1478736171175,695,671,701,674,699,673,671,685,694,676
1478736186093, 1478736186178,692,676,684,684,680,686,663,688,667,688
1478736201093, 1478736201216,690,683,693,696,682,695,687,680,678,700
1478736216093, 1478736217000,698,692,685,684,671,693,670,685,689,680
1478736231093, 1478736231187,675,679,680,683,674,695,677,683,692,667
1478736246093, 1478736246190,686,688,682,681,698,682,679,701,667,697
1478736261093, 1478736261195,687,676,681,698,667,699,678,672,693,670
1478736276093, 1478736276204,686,691,688,668,692,684,687,687,700,668
1478736291093, 1478736291178,688,678,694,670,683,661,681,682,680,676
1478736306093, 1478736306200,683,687,682,677,699,669,692,682,704,681
1478736321093, 1478736321185,690,691,684,663,685,688,690,679,691,687
1478736336093, 1478736336179,691,682,683,675,686,677,690,677,677,683
1478736351093, 1478736351192,700,674,690,676,703,675,687,686,690,681
1478736366093, 1478736366188,703,685,706,677,690,679,685,692,687,698
1478736381093, 1478736381172,689,694,677,700,671,701,669,700,671,694
1478736396093, 1478736396182,680,692,678,695,679,696,680,691,679,695
1478736411093, 1478736411200,689,691,690,686,685,679,681,690,671,698
1478736426093, 1478736426193,681,697,686,688,684,704,671,691,680,693
1478736441093, 1478736441178,676,697,680,697,677,694,677,689,683,711
1478736456093, 1478736456223,698,672,685,677,711,673,705,671,686,678
1478736471093, 1478736471194,707,687,687,682,701,689,684,682,685,688
1478736486093, 1478736486215,673,693,680,704,693,699,695,672,686,677
1478736501093, 1478736501185,710,682,700,693,692,685,685,687,701,701
1478736516093, 1478736516210,705,671,690,692,676,706,693,696,671,700
1478736531093, 1478736531198,678,692,708,694,695,685,699,686,689,705
1478736546093, 1478736546183,693,676,702,680,688,688,693,685,682,687
1478736561093, 1478736561177,696,679,690,690,681,699,679,708,672,690
1478736576093, 1478736576321,678,702,684,704,688,682,696,676,695,694
1478736591093, 1478736591183,689,704,674,700,665,702,685,681,711,675
1478736606093, 1478736606192,705,703,695,692,689,703,687,680,696,677
1478736621093, 1478736621183,705,687,697,690,696,697,700,687,681,689
1478736636093, 1478736636186,685,707,707,684,685,683,693,682,699,676
1478736651093, 1478736651197,707,687,689,698,695,685,686,694,685,686
1478736666093, 1478736666181,693,693,695,671,688,703,692,680,701,682
1478736681093, 1478736681184,703,690,704,703,684,708,699,695,692,687
1478736696093, 1478736696703,688,676,696,707,698,685,709,684,684,692
1478736711093, 1478736711195,701,703,678,712,705,678,707,701,684,714
1478736726093, 1478736726204,710,700,681,702,715,676,710,693,694,703
1478736741093, 1478736741192,696,700,690,709,686,685,709,691,691,707
1478736756093, 1478736756193,689,694,694,682,702,695,712,690,708,692
1478736771093, 1478736771196,698,690,695,689,684,710,693,692,711,692
1478736786093, 1478736786187,695,704,694,701,701,676,689,698,700,678
1478736801093, 1478736801188,698,696,708,689,709,688,688,698,689,695
1478736816093, 1478736816334,680,689,709,689,699,689,691,688,688,702
1478736831093, 1478736831217,702,682,701,691,715,712,693,702,715,690
1478736846093, 1478736846190,697,704,689,697,707,705,681,704,686,710
1478736861093, 1478736861185,696,694,702,678,701,690,707,696,709,702
1478736876093, 1478736876185,704,683,705,681,709,696,675,717,686,710
1478736891093, 1478736891174,709,679,704,695,698,678,706,691,700,681
1478736906093, 1478736906180,712,697,676,701,697,692,704,689,687,692
1478736921093, 1478736921193,712,698,690,704,697,712,684,700,694,687
1478736936093, 1478736936485,707,689,693,687,700,681,698,688,699,707
1478736951093, 1478736951169,707,687,695,679,695,690,694,698,689,710
1478736966093, 1478736966171,720,680,694,699,696,704,693,684,682,705
1478736981093, 1478736981204,694,709,694,687,687,699,683,719,679,710
1478736996093, 1478736996202,697,712,711,687,691,698,688,702,685,699
1478737011093, 1478737011186,701,687,695,702,702,695,697,691,705,694
1478737026093, 1478737026191,694,697,714,693,713,693,690,681,709,696
1478737041093, 1478737041191,707,694,697,706,691,711,687,683,699,691
1478737056093, 1478737056768,715,674,715,675,705,704,700,710,691,715
1478737071093, 1478737071199,707,700,684,702,697,695,699,687,701,708
1478737086093, 1478737086205,712,693,710,693,714,699,695,680,707,685
1478737101093, 1478737101181,705,692,714,692,705,677,698,712,701,712
1478737116093, 1478737116185,701,703,704,702,703,716,688,698,698,715
1478737131093, 1478737131184,716,692,711,698,687,696,687,715,690,712
1478737146093, 1478737146170,707,689,693,710,699,706,688,709,693,707
1478737161093, 1478737161179,702,701,707,702,703,698,698,702,698,692
1478737176093, 1478737178591,722,704,686,694,695,703,703,694,723,699
1478737191093, 1478737191192,717,709,689,699,682,696,700,693,708,699
1478737206093, 1478737206180,710,689,710,702,710,706,710,704,700,701
1478737221093, 1478737221192,721,695,696,691,713,698,701,689,712,692
1478737236093, 1478737236180,712,683,683,705,695,705,702,708,684,697
1478737251093, 1478737251180,724,683,711,689,719,716,687,703,696,694
1478737266093, 1478737266226,709,698,697,702,701,701,705,683,708,702
1478737281093, 1478737281209,707,696,725,696,689,709,692,714,701,708
1478737296093, 1478737296961,699,699,689,724,682,706,699,708,722,699
1478737311093, 1478737311195,708,699,716,708,700,700,706,698,711,692
1478737326093, 1478737326186,708,693,709,683,719,693,713,686,723,703
1478737341093, 1478737341177,694,716,695,714,700,705,693,688,703,708
1478737356093, 1478737356219,688,715,709,693,713,697,720,716,700,698
1478737371093, 1478737371192,711,695,700,699,703,711,700,696,715,704
1478737386093, 1478737386186,710,687,721,677,696,710,703,702,694,701
1478737401093, 1478737401193,706,684,696,695,710,719,690,706,699,717
1478737416093, 1478737416241,696,701,701,708,690,695,694,708,718,685
1478737431093, 1478737431177,692,697,701,701,712,694,694,700,693,705
1478737446093, 1478737446184,689,709,683,705,699,687,702,698,709,692
1478737461093, 1478737461202,718,694,712,704,695,720,702,697,695,710
1478737476093, 1478737476189,706,715,700,707,700,708,704,689,692,696
1478737491093, 1478737491192,726,705,691,706,703,710,711,698,704,703
1478737506093, 1478737506189,712,723,700,698,707,704,702,689,689,689
1478737521093, 1478737521204,705,714,697,714,718,691,686,710,719,702
1478737536093, 1478737536206,712,712,706,694,707,684,726,699,699,707
1478737551092, 1478737551180,685,711,693,714,691,713,697,724,707,699
1478737566093, 1478737566184,711,712,694,712,698,705,718,695,713,701
1478737581093, 1478737581187,700,717,686,692,705,703,712,688,716,706
1478737596093, 1478737596200,699,696,697,712,686,725,694,696,703,693
1478737611093, 1478737611198,699,678,710,706,718,695,706,690,696,709
1478737626093, 1478737626172,712,697,683,712,713,701,707,690,705,708
1478737641093, 1478737641203,711,715,694,708,696,719,694,695,701,697
1478737656093, 1478737656274,702,701,693,699,719,698,705,696,690,718
1478737671093, 1478737671170,713,711,698,710,703,714,695,720,686,726
1478737686093, 1478737686184,719,686,714,702,727,701,704,719,694,713
1478737701093, 1478737701296,713,699,697,705,696,710,698,698,715,704
1478737716093, 1478737716174,717,701,715,699,717,688,709,702,712,698
1478737731093, 1478737731172,698,702,712,704,713,688,706,682,711,693
1478737746093, 1478737746194,703,698,712,702,704,706,706,688,704,706
1478737761093, 1478737761206,707,717,708,706,699,714,693,713,696,711
1478737776093, 1478737777015,716,689,707,700,712,707,711,696,698,705
1478737791093, 1478737791193,716,713,706,688,711,698,703,705,686,711
1478737806093, 1478737806189,708,719,698,716,703,712,711,693,703,697
1478737821093, 1478737821190,722,696,701,698,703,707,715,699,718,697
1478737836093, 1478737836187,728,689,689,697,704,710,695,706,698,714
1478737851093, 1478737851192,706,703,720,690,703,703,702,710,696,707
1478737866093, 1478737866199,713,711,715,692,703,723,698,706,703,694
1478737881093, 1478737881190,707,719,705,698,701,705,712,697,701,712
1478737896093, 1478737897752,709,717,692,725,705,718,696,707,719,696
1478737911093, 1478737911190,696,712,694,694,707,700,721,698,699,704
1478737926093, 1478737926198,705,703,707,708,699,714,701,726,705,703
1478737941093, 1478737941206,718,684,705,720,700,700,724,699,701,724
1478737956093, 1478737956199,709,688,716,702,721,697,717,696,718,693
1478737971093, 1478737971195,690,712,709,718,715,698,701,701,701,726
1478737986093, 1478737986180,640,752,703,739,775,628,706,714,769,648
1478738001093, 1478738001181,704,720,706,679,726,701,716,695,724,687
1478738016093, 1478738017533,782,792,776,777,796,794,795,772,789,786
1478738031093, 1478738031190,795,770,788,778,796,769,779,781,782,778
1478738046093, 1478738047186,794,772,797,783,790,782,770,783,773,791
1478738061093, 1478738061199,790,782,798,767,795,777,798,781,781,777
1478738076093, 1478738076193,778,778,797,766,798,776,792,776,791,775
1478738091093, 1478738091181,780,775,779,795,785,788,777,767,783,773
1478738106093, 1478738106191,779,771,799,782,782,778,779,792,775,794
1478738121093, 1478738121196,777,767,782,795,784,774,781,782,784,780
1478738136093, 1478738142142,782,772,793,796,773,798,790,770,784,771
1478738151093, 1478738152060,790,781,771,783,783,779,783,769,780,781
1478738166093, 1478738166608,794,768,779,771,784,769,795,786,772,794
1478738181093, 1478738182000,787,794,769,770,784,780,779,793,780,793
1478738196093, 1478738196595,779,784,776,772,783,799,766,793,781,779
1478738211093, 1478738211878,796,777,782,778,775,794,777,796,795,799
1478738226093, 1478738227814,794,791,783,788,786,782,800,780,778,771
1478738241093, 1478738242153,799,780,767,783,778,785,769,785,768,779
1478738256093, 1478738263173,785,793,777,794,798,787,799,773,778,785
1478738271093, 1478738272114,798,797,780,785,781,777,772,785,786,775
1478738286093, 1478738286799,789,775,784,779,795,801,793,792,780,797
1478738301093, 1478738302941,778,780,781,799,786,768,769,782,770,801
1478738316093, 1478738318380,773,798,778,782,797,780,799,771,780,798
1478738331093, 1478738332781,801,776,798,770,794,799,772,775,784,772
1478738346093, 1478738348201,777,771,769,790,778,795,782,770,778,798
1478738361093, 1478738362154,787,779,769,769,770,779,793,793,796,781
1478738376093, 1478738376292,778,801,783,797,778,770,785,794,790,777
1478738391093, 1478738391206,766,791,781,783,779,784,785,793,770,790
1478738406093, 1478738406930,801,781,801,770,782,801,780,801,780,794
1478738421093, 1478738422527,769,783,769,794,771,781,781,781,784,786
1478738436093, 1478738437329,772,782,786,787,778,778,778,786,779,784
1478738451093, 1478738452076,777,786,799,782,777,778,783,771,771,784
1478738466093, 1478738466528,781,789,795,782,778,782,781,782,783,794
1478738481093, 1478738481396,799,770,774,770,789,799,795,794,785,782
1478738496093, 1478738496269,780,789,785,796,782,792,780,786,786,785
1478738511093, 1478738512026,799,771,778,779,783,788,769,782,781,780
1478738526093, 1478738527140,783,771,783,784,791,779,802,771,770,783
1478738541093, 1478738541602,783,782,801,780,786,775,782,801,797,787
1478738556093, 1478738556183,777,796,781,801,781,802,771,771,786,794
1478738571093, 1478738572350,795,777,778,785,782,802,801,799,779,771
1478738586093, 1478738587105,779,778,788,800,779,785,784,795,779,782
1478738601093, 1478738601918,772,771,768,787,797,786,782,789,785,782
1478738616093, 1478738620235,796,779,778,799,778,785,784,781,783,782
1478738631093, 1478738631477,773,801,799,777,798,795,796,785,795,788
1478738646093, 1478738650636,785,779,781,802,788,802,786,788,773,801
1478738661093, 1478738663331,775,788,779,785,776,801,780,774,784,797
1478738676093, 1478738678153,786,787,789,784,773,784,778,784,785,789
1478738691093, 1478738691713,783,792,772,778,785,771,783,798,776,775
1478738706093, 1478738708090,801,786,786,801,786,796,784,780,788,796
1478738721093, 1478738722667,783,798,787,790,777,776,783,799,782,778
1478738736093, 1478738742285,776,788,801,784,783,803,788,776,796,797
1478738751093, 1478738752137,793,777,776,783,772,785,803,784,793,795
1478738766093, 1478738766977,795,788,795,793,770,788,772,781,803,803
1478738781093, 1478738781478,782,795,796,772,803,782,774,802,786,798
1478738796093, 1478738796827,782,786,803,802,789,785,799,783,796,797
1478738811093, 1478738812614,780,790,797,800,789,786,786,804,803,788
1478738826093, 1478738826244,785,780,787,785,772,802,774,788,782,804
1478738841093, 1478738841339,778,791,788,789,773,787,777,788,802,779
1478738856093, 1478738860312,785,790,797,771,784,788,789,788,805,771
1478738871093, 1478738871744,787,776,774,784,782,783,789,804,772,781
1478738886093, 1478738887098,803,799,788,782,804,777,796,782,787,803
1478738901093, 1478738902679,773,798,788,785,801,776,796,772,786,798
1478738916093, 1478738917818,788,793,780,803,781,797,785,797,789,790
1478738931093, 1478738933905,790,775,788,802,788,795,795,782,781,789
1478738946093, 1478738946973,802,789,793,781,786,789,772,789,781,806
1478738961093, 1478738961759,784,806,772,784,784,790,799,797,785,789
1478738976093, 1478738985684,773,804,777,804,804,785,773,785,802,788
1478738991093, 1478738992523,786,790,808,787,780,808,777,785,777,803
1478739006093, 1478739007367,788,790,805,796,783,807,802,801,781,790
1478739021093, 1478739021661,786,801,796,797,772,784,776,782,797,790
1478739036093, 1478739037344,770,806,807,786,797,790,804,773,808,789
1478739051093, 1478739053127,783,790,785,803,808,770,787,786,791,786
1478739066093, 1478739067168,791,806,793,772,807,790,796,787,772,782
1478739081093, 1478739088465,770,788,767,796,782,784,789,788,775,768
1478739096093, 1478739105601,781,770,791,788,773,767,812,771,789,778
1478739111093, 1478739111680,770,803,784,789,785,788,792,790,811,794
1478739126093, 1478739128264,795,790,776,793,793,786,806,776,787,777
1478739141093, 1478739141199,801,786,788,804,777,783,793,786,798,789
1478739156093, 1478739156187,795,790,794,796,785,800,782,804,802,785
1478739171093, 1478739171220,791,773,793,788,800,785,775,807,792,776
1478739186093, 1478739186189,775,783,788,801,786,785,805,781,807,790
1478739201093, 1478739201184,787,784,794,773,802,781,797,784,806,776
1478739216093, 1478739216252,777,792,793,778,789,803,802,774,780,792
1478739231093, 1478739231180,792,776,806,776,804,786,806,773,799,786
1478739246093, 1478739246183,790,797,799,778,799,787,793,787,803,786
1478739261093, 1478739261183,788,795,789,784,794,789,784,791,777,790
1478739276093, 1478739276199,803,785,788,793,790,793,779,805,778,805
1478739291093, 1478739291189,799,785,804,786,779,786,788,803,789,793
1478739306093, 1478739306186,780,791,796,790,776,793,785,803,783,805
1478739321093, 1478739321194,788,788,797,776,807,806,777,793,784,807
1478739336093, 1478739336806,807,786,784,796,781,801,787,796,787,788
1478739351093, 1478739351209,795,802,784,776,797,807,778,781,806,781
1478739366093, 1478739366190,784,785,806,779,794,788,781,809,777,808
1478739381093, 1478739381202,808,779,791,787,788,785,784,791,787,799
1478739396093, 1478739396253,776,794,788,809,786,804,795,776,794,775
1478739411093, 1478739411195,782,805,803,790,798,788,807,808,778,802
1478739426093, 1478739426188,789,799,788,808,788,795,788,802,789,806
1478739441093, 1478739441188,790,788,793,777,794,792,785,806,785,803
1478739456093, 1478739456286,788,807,788,781,800,777,799,789,798,790
1478739471093, 1478739471187,789,786,794,790,790,797,791,791,775,807
1478739486093, 1478739486214,793,789,786,786,808,792,785,803,805,791
1478739501093, 1478739501188,804,800,775,808,786,809,787,803,782,778
1478739516093, 1478739516202,796,787,806,787,787,792,802,789,791,794
1478739531093, 1478739531188,802,794,789,806,789,794,788,803,786,808
1478739546093, 1478739546194,783,804,786,806,804,787,807,788,786,804
1478739561093, 1478739561199,779,796,787,805,785,797,802,793,783,794
1478739576093, 1478739576298,796,787,799,779,779,793,798,807,788,805
1478739591093, 1478739591185,798,789,806,796,776,795,791,794,793,780
1478739606093, 1478739606186,781,797,787,807,788,780,791,803,788,802
1478739621093, 1478739621189,785,807,778,795,793,802,794,779,792,787
1478739636093, 1478739636196,803,793,788,790,802,794,789,803,784,796
1478739651093, 1478739651219,806,793,789,779,801,792,794,796,802,787
1478739666093, 1478739666189,803,806,779,797,776,799,779,803,794,784
1478739681093, 1478739681176,803,795,799,790,803,788,806,785,806,788
1478739696093, 1478739697035,796,791,782,807,778,780,794,789,806,808
1478739711093, 1478739711191,780,795,790,793,802,790,797,794,778,794
1478739726093, 1478739726197,798,796,783,794,786,798,793,794,778,794
1478739741093, 1478739741180,804,789,807,790,805,789,795,794,793,796
1478739756093, 1478739756182,782,796,793,795,780,804,781,805,787,807
1478739771093, 1478739771195,805,790,805,800,789,804,790,796,802,792
1478739786093, 1478739786187,798,794,787,795,784,804,781,794,781,789
1478739801093, 1478739801201,790,797,781,805,802,789,789,802,790,780
1478739816093, 1478739816881,780,804,807,780,799,789,807,781,794,782
1478739831093, 1478739831175,789,804,789,809,781,790,790,808,789,807
1478739846093, 1478739846179,790,807,792,780,802,783,808,782,804,779
1478739861093, 1478739861205,795,782,805,784,799,790,782,807,789,794
1478739876093, 1478739876178,796,794,789,795,808,788,807,787,808,779
1478739891093, 1478739891187,794,782,802,780,799,802,781,793,779,808
1478739906093, 1478739906183,811,780,794,788,805,786,808,790,808,790
1478739921093, 1478739921177,806,791,806,790,808,780,785,792,809,780
1478739936093, 1478739936282,803,794,802,808,789,808,789,808,789,809
1478739951093, 1478739951195,780,809,789,807,786,809,808,794,782,809
1478739966093, 1478739966173,787,796,790,810,780,798,782,796,781,808
1478739981093, 1478739981188,790,805,787,811,785,811,788,788,811,790
1478739996092, 1478739996180,786,801,791,809,782,794,786,793,791,784
1478740011093, 1478740011173,790,811,780,794,779,797,785,795,787,805
1478740026093, 1478740026171,787,805,779,808,782,797,784,798,782,797
